00001111
00011111
00011111
00011111
00011111
01111111
11111111
01111111
00011111
00011111
00011111
00011111
00001111

00000011
00000111
00001111
11111111
00111111
01111111
11111111
01111111
00111111
11111111
00001111
00000111
00000011

00000011
01111111
01111111
00001111
00111111
01111111
11111111
01111111
00111111
00001111
01111111
01111111
00000011

00000011
00000111
00001111
00011111
00111111
01111111
11111111
01111111
00111111
00011111
00001111
00000111
00000011

00000011
00111111
00111111
00011111
00111111
01111111
11111111
01111111
00111111
00011111
00111111
00111111
00000011

00001000
00001000
00011000
00011000
00111000
11111111
11111111
11111111
00111000
00011000
00011000
00001000
00001000

11111100
01111110
00000011
11111111
00000011
00011111
00111111
00011111
00000011
11111111
00000011
01111110
11111100